((("example" .
   [1 0 0 0 0 0 0])
  ("set-background-color" .
   [0 0 0 0 0 0 1 0 0 0 0 0 0 0 0 0 0 0 0 0])
  ("rb" .
   [1 0])
  ("support" .
   [0 0 0 0 0 0 1])
  ("spec" .
   [1 0 0 0])
  ("watch" .
   [1 0 0 0 0])
  ("attributes" .
   [0 0 0 0 0 0 0 0 0 1])
  ("email" .
   [3 0 0 0 0])
  ("defined?" .
   [0 0 0 1 0 0 0 0])
  ("def" .
   [1 0 2])
  ("newline-and-indent" .
   [0 0 0 0 0 0 0 1 0 0 0 0 0 0 0 0 0 0])
  ("local-set-key" .
   [0 0 0 0 0 0 0 1 0 0 0 0 0])
  ("ruby-mode-hook" .
   [0 0 0 0 0 0 0 0 0 0 1 0 0 0])
  ("getElementById" .
   [0 0 0 2 0 0 0 0 0 0 0 0 0 0])
  ("100%" .
   [1 0 0 0])
  ("60%" .
   [1 0 0])
  ("margin" .
   [0 0 1 0 0 0])
  (":content" .
   [0 0 0 0 1 0 0 0])
  ("ruby" .
   [1 0 0 0])
  ("rails" .
   [1 0 0 0 0])
  ("larger" .
   [1 0 0 0 0 0])
  ("list-style" .
   [0 0 0 0 1 0 0 0 0 0])
  ("inside" .
   [1 0 0 0 0 0])
  ("list-style-position" .
   [0 0 0 0 1 0 0 0 0 0 0 0 0 0 0 0 0 0 0])
  ("15em" .
   [1 0 1 0])
  ("text-top" .
   [1 0 0 0 0 0 0 0])
  ("thin" .
   [1 0 0 0])
  ("padding" .
   [1 0 0 0 0 0 2])
  ("div" .
   [3 0 0])
  ("dashed" .
   [0 0 1 0 0 0])
  ("1%" .
   [3 0])
  ("10px" .
   [1 0 0 0])
  ("2%" .
   [1 0])
  ("3%" .
   [0 1])
  ("4em" .
   [1 0 0])
  ("start------------------" .
   [0 0 0 0 0 1 0 0 0 0 0 0 0 0 0 0 0 0 0 0 0 0 0])
  ("sidebar" .
   [1 0 0 0 0 0 0])
  ("border-radius" .
   [1 0 0 1 0 0 0 0 0 3 1 0 0])
  ("li" .
   [8 0])
  ("links" .
   [5 0 0 0 0])
  ("border" .
   [1 0 0 0 0 1])
  ("blogs" .
   [6 0 0 0 0])
  ("width" .
   [1 1 0 0 0])
  ("s" .
   [6])
  ("silver" .
   [1 0 0 0 0 0])
  ("7B1" .
   [1 1 0])
  ("0em" .
   [2 0 0])
  ("1em" .
   [1 0 0])
  ("top" .
   [1 0 0])
  ("background" .
   [1 0 0 0 0 0 0 0 0 0])
  ("background-image" .
   [0 0 0 0 0 0 0 0 0 0 0 0 0 1 0 0])
  ("text-indent" .
   [0 0 0 0 0 1 0 0 0 0 0])
  ("none" .
   [2 0 0 2])
  ("text-transform" .
   [0 0 0 0 0 1 0 0 0 0 0 0 0 0])
  ("text-shadow" .
   [1 0 0 0 0 0 0 0 0 0 0])
  ("but" .
   [2 0 0])
  ("fixed" .
   [2 0 0 0 0])
  ("background-attachment" .
   [0 0 0 0 0 0 0 0 0 0 0 0 1 0 0 0 0 0 0 0 0])
  ("underline" .
   [0 0 1 0 0 1 0 0 0])
  ("overline" .
   [1 0 0 0 0 0 0 0])
  ("text-decoration" .
   [0 0 1 1 0 0 0 0 0 0 0 0 0 0 0])
  ("0px" .
   [5 0 0])
  ("auto" .
   [7 1 0 0])
  ("margin-left" .
   [0 1 0 0 0 1 0 0 0 0 0])
  ("000" .
   [1 0 0])
  ("gray" .
   [0 0 0 1])
  ("large" .
   [0 0 1 0 0])
  ("italic" .
   [0 0 0 0 1 0])
  ("font-style" .
   [1 0 0 0 0 0 0 0 0 0])
  ("Times" .
   [1 0 0 0 0])
  ("sans-serif" .
   [0 0 0 1 0 0 0 0 0 0])
  ("red" .
   [5 0 0])
  ("font" .
   [3 0 0 0])
  ("small" .
   [1 0 0 0 0])
  ("cursive" .
   [0 0 0 1 0 0 0])
  ("medium" .
   [0 0 0 0 1 0])
  ("font-size" .
   [1 0 0 2 1 0 0 0 1])
  ("fantasy" .
   [0 0 0 1 0 0 0])
  ("font-family" .
   [0 0 0 0 2 0 0 0 0 0 0])
  ("text-align" .
   [1 0 1 0 0 1 0 0 0 0])
  ("text" .
   [3 0 0 0])
  ("toString" .
   [0 0 0 1 0 0 0 0])
  ("getCurrentState" .
   [0 0 0 0 0 1 0 0 0 0 0 0 0 0 0])
  ("get" .
   [1 0 0])
  ("problem" .
   [0 0 0 1 0 0 0])
  ("print" .
   [1 0 0 0 0])
  ("out" .
   [2 0 0])
  ("System" .
   [1 0 0 0 0 0])
  ("tomorrow-night-bright" .
   [1 0 0 0 1 0 0 0 0 0 0 0 0 0 0 0 0 0 0 0 0])
  ("provide-theme" .
   [0 0 0 0 1 0 0 0 0 0 0 0 0])
  ("prop" .
   [0 0 0 1])
  ("provide" .
   [1 0 0 0 0 0 0])
  ("dired-details%2b" .
   [0 0 0 0 0 0 1 0 0 0 0 0 0 0 0 0])
  ("name" .
   [5 0 1 0])
  ("areas" .
   [5 0 0 0 0])
  ("sizeof" .
   [5 0 1 0 0 6])
  ("care_percentage" .
   [1 0 0 0 0 0 0 0 0 0 0 0 0 0 0])
  ("nul_byte" .
   [1 0 0 0 0 0 0 0])
  ("of" .
   [2 0])
  ("expected_bugs" .
   [0 0 0 0 0 0 0 1 0 0 0 0 1])
  ("universe_of_defects" .
   [1 0 0 0 0 0 0 1 0 0 0 0 0 0 0 0 0 0 0])
  ("1024L" .
   [1 0 0 0 1])
  ("long" .
   [1 0 0 0])
  ("bug_rate" .
   [3 0 0 0 0 0 0 0])
  ("bugs" .
   [3 0 0 0])
  ("double" .
   [3 0 0 0 0 0])
  ("printf" .
   [9 0 1 3 0 6])
  ("height" .
   [6 0 3 0 0 0])
  ("10" .
   [1 0])
  ("age" .
   [1 0 0])
  ("stdio" .
   [0 0 0 1 0])
  ("menu-bar-mode" .
   [0 0 0 0 0 0 0 0 0 0 0 0 1])
  ("color-theme-robin-hood" .
   [0 0 0 0 0 0 0 0 0 0 0 0 0 0 0 0 0 1 0 0 0 0])
  ("iter" .
   [1 0 0 0])
  ("BITS_PER_INT" .
   [0 0 0 0 0 0 0 0 0 0 0 1])
  ("writebits" .
   [0 0 0 0 0 0 0 0 1])
  ("outFile" .
   [1 0 0 0 0 0 0])
  ("end" .
   [3 0 0])
  ("iterator" .
   [2 0 0 0 1 0 0 0])
  ("beginend" .
   [0 0 0 0 0 0 0 1])
  ("strHuffCode" .
   [0 0 0 0 0 0 0 0 0 0 1])
  ("include" .
   [2 0 0 0 1 0 0])
  ("unsigned" .
   [1 0 0 0 0 0 0 0])
  ("HashTable" .
   [1 0 0 0 0 0 0 0 1])
  ("Tree" .
   [1 0 0 0])
  ("new" .
   [6 0 0])
  ("myList" .
   [1 0 0 0 0 1])
  ("c" .
   [2])
  ("removeAll" .
   [2 0 0 0 0 0 0 0 0])
  ("size" .
   [3 0 0 0])
  ("rhs" .
   [5 0 0])
  ("this" .
   [7 0 0 0])
  ("List" .
   [5 0 0 0])
  ("bool" .
   [2 0 1 0])
  ("operator" .
   [6 0 0 0 1 0 0 0])
  ("TableItemType" .
   [0 0 0 0 0 0 0 0 0 0 0 0 1])
  ("true" .
   [2 0 0 0])
  ("return" .
   [13 0 0 0 1 1])
  ("no" .
   [7 0])
  ("not" .
   [1 0 0])
  ("getKey" .
   [4 0 0 0 1 6])
  ("item" .
   [14 0 0 0])
  ("false" .
   [4 0 0 0 0])
  ("success" .
   [0 0 0 0 2 1 1])
  ("point" .
   [5 0 0 0 0])
  ("while" .
   [5 0 0 0 0])
  ("table" .
   [2 0 0 0 0])
  ("searchKey" .
   [3 0 0 0 0 0 1 1 8])
  ("it" .
   [2 0])
  ("OutOfStorageException" .
   [1 0 1 2 0 0 0 0 0 0 0 0 0 0 0 0 0 0 0 0 1])
  ("try" .
   [2 0 0])
  ("str" .
   [3 0 0])
  ("huff" .
   [1 0 0 0])
  ("huffCodeSt" .
   [6 0 0 0 0 0 0 0 0 2])
  ("huffCode" .
   [5 0 0 0 0 0 0 0])
  ("string" .
   [3 0 0 0 0 1])
  ("e" .
   [8])
  ("ac-sources" .
   [0 0 0 0 0 1 1 0 0 0])
  ("0" .
   [40])
  ("yasnippet" .
   [1 0 0 0 0 0 0 0 0])
  ("require" .
   [2 0 0 0 0 0 0])
  ("load-path" .
   [2 0 0 0 0 0 0 0 0])
  ("add-to-list" .
   [0 0 0 0 0 0 3 0 0 0 0])
  ("_-_-_-_-_-_-_-_-_-_-_-_-_-_-_-_-_-_-_-_-_-_-_-_-_-_-_-_-" .
   [0 0 1 0 0 0 0 0 0 0 0 0 0 0 0 0 0 0 0 0 0 0 0 0 0 0 0 0 0 0 0 0 0 0 0 0 0 0 0 0 0 0 0 0 0 0 0 0 0 0 0 0 0 0 0 0])
  ("nil" .
   [1 0 0])
  ("set-scroll-bar-mode" .
   [0 0 0 0 0 0 0 0 0 0 1 0 0 0 0 0 0 0 0])
  ("set" .
   [4 0 0])
  ("eshell" .
   [0 0 1 0 0 0])
  ("term" .
   [0 0 1 0])
  ("global-auto-complete-mode" .
   [0 0 0 0 0 0 0 0 0 0 0 0 0 0 0 0 0 0 0 0 1 0 0 0 0])
  ("setq" .
   [1 0 0 0])
  ("ac-auto-start" .
   [1 0 0 0 0 0 0 0 0 0 0 0 0])
  ("set-frame-configuration" .
   [0 0 0 0 0 0 0 0 0 0 0 0 1 0 0 0 0 0 0 0 0 0 0])
  ("set-frame-height" .
   [0 0 0 0 0 0 0 0 0 0 1 0 0 0 0 0])
  ("set-border-color" .
   [0 0 0 0 0 1 0 0 0 0 0 0 0 0 0 0])
  ("add-hook" .
   [1 0 0 2 0 0 0 0])
  ("js-mode" .
   [0 0 1 0 0 0 0])
  ("lambda" .
   [1 0 0 0 1 0])
  ("imenu-add-menubar-index" .
   [0 0 0 0 0 1 0 0 0 0 0 0 0 0 0 0 0 0 0 0 0 0 0])
  ("hs-minor-mode" .
   [0 0 0 0 0 1 0 0 0 0 0 0 0])
  ("t" .
   [2])
  ("getCode" .
   [0 0 0 1 0 0 0])
  ("BITS_PER_WORD" .
   [0 0 0 0 0 0 0 0 0 1 0 0 0])
  ("if" .
   [37 0])
  ("inFile" .
   [1 0 0 0 0 0])
  ("virtual" .
   [0 0 0 0 1 0 0])
  ("void" .
   [7 0 0 0])
  ("const" .
   [7 0 0 0 2])
  ("throw" .
   [9 0 0 0 0])
  ("else" .
   [12 0 1 3])
  ("for" .
   [4 0 0])
  ("int" .
   [23 0 0])
  ("MAX_TABLE" .
   [0 0 0 1 0 0 0 0 0])
  ("newItem" .
   [4 0 0 0 0 0 3])
  ("searchkey" .
   [0 0 0 0 0 0 0 0 2])
  ("cerr" .
   [1 0 0 0])
  ("exit" .
   [2 0 0 0])
  ("ListNode" .
   [0 0 0 0 0 1 0 0])
  ("next" .
   [4 1 0 0])
  ("head" .
   [4 0 0 0])
  ("delete" .
   [9 0 0 0 0 2])
  ("curr" .
   [1 0 0 0])
  ("END" .
   [1 0 0])
  ("ex" .
   [2 0])
  ("message" .
   [2 0 0 0 0 0 0])
  ("using" .
   [1 0 0 0 0])
  ("namespace" .
   [0 0 0 0 0 0 0 1 0])
  ("std" .
   [1 0 0])
  ("main" .
   [7 0 0 0])
  ("char" .
   [9 0 0 0])
  ("a" .
   [9])
  ("ch" .
   [4 0])
  ("BinarySearchTree" .
   [1 0 1 7 1 0 0 0 0 0 0 0 0 0 0 0])
  ("insertItem" .
   [2 0 0 0 0 0 0 0 0 1])
  ("TreeNode" .
   [5 0 0 0 0 2 0 4])
  ("treePtr" .
   [5 0 0 0 0 2 13])
  ("TreeItemType" .
   [1 0 0 0 0 2 0 0 0 0 0 1])
  ("insert" .
   [2 0 0 0 0 0])
  ("found" .
   [1 0 0 0 0])
  ("in" .
   [3 0])
  ("h" .
   [5])
  ("here" .
   [0 0 0 1])
  ("catch" .
   [1 0 0 0 0])
  ("bad_alloc" .
   [0 0 1 0 0 0 0 0 0])
  ("leftChildPtr" .
   [1 0 0 0 0 0 0 0 0 1 0 8])
  ("rightChildPtr" .
   [1 0 0 0 0 0 0 0 0 0 0 0 9])
  ("KeyType" .
   [0 0 0 2 0 0 0])
  ("the" .
   [13 0 0])
  ("deleteItem" .
   [1 0 0 0 0 0 0 0 0 1])
  ("deleteNodeItem" .
   [0 0 0 0 0 0 0 1 0 0 0 0 0 2])
  ("left" .
   [1 1 1 0])
  ("is" .
   [3 0])
  ("same" .
   [1 0 0 0])
  ("right" .
   [10 0 0 0 1])
  ("search" .
   [1 0 0 0 0 0])
  ("nodePtr" .
   [8 0 0 0 1 3 15])
  ("there" .
   [1 0 0 0 0])
  ("are" .
   [3 0 0])
  ("four" .
   [1 0 0 0])
  ("case" .
   [1 0 0 0])
  ("consider" .
   [2 0 0 0 0 0 0 0])
  ("3" .
   [6])
  ("2" .
   [4])
  ("root" .
   [10 0 0 0])
  ("has" .
   [3 0 0])
  ("child" .
   [9 0 0 0 1])
  ("4" .
   [1])
  ("two" .
   [1 0 0])
  ("children" .
   [2 0 0 0 0 0 0 0])
  ("test" .
   [3 0 1 0])
  ("delPtr" .
   [4 0 0 0 4 4])
  ("to" .
   [5 0])
  ("memory" .
   [2 0 0 0 0 0])
  ("save" .
   [1 0 0 0])
  ("node" .
   [2 0 0 0])
  ("leaks" .
   [1 0 0 0 0])
  ("retrieve" .
   [0 0 0 0 1 0 0 0])
  ("and" .
   [1 0 0])
  ("inorder" .
   [1 0 0 0 0 0 0])
  ("successor" .
   [0 0 0 1 0 0 0 0 0])
  ("replacementItem" .
   [0 0 0 0 1 0 0 2 0 0 0 0 0 0 0])
  ("processLeftmost" .
   [0 0 0 0 2 0 0 0 0 0 0 0 0 0 2])
  ("treeItem" .
   [6 0 0 0 0 1 0 1])
  ("retrieveItem" .
   [0 0 0 0 0 0 0 0 0 0 0 2])
  ("tree" .
   [1 0 0 0])
  ("destroyTree" .
   [0 0 0 0 0 0 1 0 0 0 0])
  ("copyTree" .
   [0 0 0 0 0 1 0 1])
  ("///bin/" .
   [0 0 0 1 0 0 0])
  ("1" .
   [7])
  ("rightChild" .
   [2 0 0 0 0 0 0 0 0 1])
  ("righChild" .
   [0 0 0 0 0 0 0 0 1])
  ("items" .
   [7 0 0 0 0])
  ("temp" .
   [1 0 0 0])
  ("heapRebuild" .
   [1 0 0 0 0 0 0 0 0 0 0])
  ("full_name" .
   [1 0 0 2 1 0 0 0 0])
  ("bar" .
   [1 0 0])
  ("background-color" .
   [3 0 0 1 3 0 0 0 0 0 0 0 0 0 0 0])
  ("black" .
   [0 0 0 1 0])
  ("headerbar" .
   [1 0 0 0 0 0 0 0 0])
  ("monospace" .
   [1 0 0 0 0 0 0 0 0])
  ("white" .
   [0 0 1 0 0])
  ("font-weight" .
   [0 0 0 0 1 0 0 0 0 0 0])
  ("bold" .
   [0 0 0 1])
  ("hidden" .
   [0 1 0 0 0 0])
  ("float" .
   [0 0 0 0 1])
  ("outset" .
   [0 0 0 0 1 0])
  ("250px" .
   [0 0 0 1 0])
  ("center" .
   [1 0 1 0 0 0])
  ("dimgray" .
   [0 0 0 1 0 0 0])
  ("margin-right" .
   [0 0 1 0 0 0 1 0 0 0 0 0])
  ("25%" .
   [2 0 0])
  ("east" .
   [2 0 1 2])
  ("SimpleVertex" .
   [1 0 0 0 0 0 0 0 0 0 0 0])
  ("d" .
   [1])
  ("s1" .
   [1 0])
  ("s2" .
   [3 0])
  ("s3" .
   [3 0])
  ("s4" .
   [2 0])
  ("s5" .
   [3 0])
  ("s6" .
   [2 0])
  ("s7" .
   [1 0])
  ("s8" .
   [3 0])
  ("s9" .
   [4 0])
  ("s10" .
   [3 0 0])
  ("r" .
   [1])
  ("Edge" .
   [1 0 0 0])
  ("0d2" .
   [1 0 0])
  ("5px" .
   [1 0 0])
  ("down" .
   [1 0 0 0])
  ("life" .
   [1 0 0 0])
  ("linen" .
   [1 0 0 0 0])
  ("group" .
   [2 0 1 0 1])
  ("do" .
   [5 0])
  ("gem" .
   [4 0 0])
  ("/" .
   [3])
  ("f" .
   [1])
  ("var" .
   [8 0 0])
  ("h_prev" .
   [2 0 0 0 0 0])
  ("step_size" .
   [0 0 0 0 2 0 0 0 0])
  ("emacs-startup-hook" .
   [0 0 0 0 0 0 0 0 0 0 0 0 0 0 1 0 0 0])
  ("class" .
   [1 0 0 0 0])
  ("production" .
   [0 0 0 0 0 0 1 0 0 0])
  ("integer" .
   [1 0 0 0 0 0 0])
  ("n" .
   [9])
  ("function_of_n" .
   [0 0 0 0 0 0 0 0 0 1 0 0 0])
  ("fn" .
   [6 0])
  ("p" .
   [1])
  ("gets" .
   [1 0 0 0])
  ("to_s" .
   [0 0 0 1])
  ("We" .
   [0 1])
  ("exit!" .
   [0 0 1 0 1])
  ("puts" .
   [1 0 0 0])))
